10
100
101
102
103
105
106
107
108
109
11
110
111
112
113
114
115
116
117
119
12
121
123
124
125
126
127
128
129
13
130
131
133
134
135
136
137
138
14
140
141
142
143
144
145
146
147
148
149
15
150
151
152
153
154
155
156
157
159
16
160
161
162
163
164
165
166
167
168
169
17
170
171
173
174
175
176
177
178
179
18
180
181
182
183
184
186
187
188
189
19
190
192
193
194
196
197
198
199
2
20
200
201
202
203
205
206
207
208
209
21
210
211
212
213
214
217
218
219
220
221
222
224
225
226
227
228
229
23
230
231
232
233
234
235
236
237
238
239
24
240
241
242
243
244
245
246
247
248
249
25
250
252
253
254
255
256
257
258
259
26
261
262
263
265
266
269
27
271
272
273
274
275
276
277
278
279
28
280
281
282
283
284
285
286
287
288
290
292
293
294
297
299
3
301
302
303
304
305
307
309
31
310
311
312
32
33
34
35
37
39
4
40
41
42
43
44
45
46
48
49
5
50
52
53
54
55
57
59
6
60
61
62
63
64
65
66
67
68
69
7
70
71
72
73
75
76
77
78
8
81
82
83
84
85
86
87
88
89
9
90
91
92
93
94
95
96
97
98
99
